#예제 2.1 백터 만들기 연습
>> x=[1 2 3 4]

x =

     1     2     3     4

>> y=[5,6,7,8]

y =

     5     6     7     8
>> a=[9;10;11;12]

a =

     9
    10
    11
    12

>> a'

ans =

     9    10    11    12

>> b=[13
14
15
16]

b =

    13
    14
    15
    16

>> c=[17 18 19 20]'

c =

    17
    18
    19
    20
